v3.02
2960
96619309597
8422410247509
5449000131027
8481034014515
5604055112005
8410261642383
80412014
80177418
3068320124537
3583787511671
5449000112965
5942207000344
7501086801121
20208646
8412042202335
3560071447311
8435382811005
8437002889197
3800000602818
8435382800146
8431876318852
5942326400674
8804201009358
20477318
3048431001910
8480024834911
7862113550147
8858947450059
8480010189957
8480012034781
5900497340502
8412779577102
8414892358682
8421786879482
8414833161357
5056379588996
4311596435968
5601314512231
8421691849112
8424644000547
6130794000116
8480013234104
3274080005003
8421691279742
8433329129855
8428658000708
8437008741390
5604868001039
5603493003487
8480000156600
8480010110463
8420947606615
8480000100511
8410283333610
84106582
6111128000163
4056489248347
5060334349980
5601314222260
5601195580121
5601314000073
5601314228309
5601195610545
15601009969095
56002980
5601314923013
5601314235239
5601195000124
5601314000110
5601314273224
5601314225230
8436048722086
8413080009535
8410600004421
8413402002220
5055894020561
4056489256847
5942207011685
8423453909232
90331701
8437012494169
8414490000013
8480017174581
8426765496865
8480000288974
8420947602952
6130127000035
3560070564743
3800103411355
8437018326020
8435382802218
8410171013785
7790895000201
8414807544506
8414807542571
8433329991469
54493957
8413402002329
3800103411393
8435382803642
5449000718068
5449000309303
5449000309297
5449000719454
5449000719447
5449000717801
5449000717818
5601314222222
5449000309280
5449000309273
5449000718051
8429359003104
5902860411994
3800103431483
8413728100228
8421786569468
8428697401153
8435382817151
8435382802294
5900014005242
8435382802201
9015340100519
90153440
3228886043714
8421691849068
5449000294821
24020305
5000232019998
8435382802195
8410600001598
7613035833272
8480013233015
8436533982841
3179732364616
4589850827365
8420722880025
5054267000681
8421691675841
8414493960048
3257971309114
3583787609217
8414493990069
8421689000198
8412458050087
8435382803635
7613287429223
8437008741055
8480017125392
8715600244724
8426967075547
8480013231509
8480013231110
5601312092414
8431876250251
8437008459103
8480010196740
8435382803659
8009245001010
7702535010327
4250370583092
5053526133863
8435382803680
8480010201512
5010459000440
5603493001773
8480010001426
8435382800139
8414002086016
8480000156594
8422823280209
8410600003066
4056489182856
5601045105900
884394007957
8480017797414
8413176914972
8480017162885
5603493002541
8424818201336
8413080011545
1004262770007
8420837200022
8410261652443
8430807015389
5601312026235
8423453020067
8850389103166
8435382807008
8430807001467
8435382810992
8480012007389
8414493740138
8426510999993
7613287504494
8431876269925
4056489035268
8431876250305
5900334006264
8423162300115
24017022
8402001000676
8412598001659
8412598005473
8433329130042
8420030020335
8414700000475
8410171013051
8480000201089
90162992
3249760000654
5942312000093
8480024834720
3057640467578
4337185151637
7613036249928
54008304
5000118047794
8435382803703
6413600002154
8480013355045
8410283036009
8480024834942
8423453020159
200024013370
5000112570939
8410128777777
8437015393384
8480010171211
8437015393124
8480024832566
8412598004964
8412598005398
8412598001758
8414493301049
5410013129646
8412381033027
8420837200084
6920459905166
8414807545190
8480024830548
8426765141239
5601312024729
8420837102098
8480013237105
8000795011122
8414493301025
8412361030039
8410128780371
8480012013946
8480017012692
8431876298925
8480000109354
8410283006125
8008490000021
8421691722163
8480000323101
8480017227799
8410261658124
8480029432051
8005200006465
8480029511022
8420837101718
8413402002428
5000112558265
8480013231004
8420030011128
8437007210064
8005200756520
5601009941643
5449000119056
8410171037941
5449000146571
8437012020009
8410470182267
5900552057307
8433329130028
8410283026000
8431707097017
8431707997010
58431707997015
8431707097000
58431707997008
8431707997003
8431707096942
8431707996945
58431707996940
8431707096935
58431707996933
8431707996938
8413402700157
8437002786045
8410413960129
8413402514082
18410261113071
18410261113088
8414493010217
8414493990052
5690541002264
3179730121884
3179730256227
3700443100073
80582588
8437000663959
8423453020036
8436554525935
8411228601870
8425837101492
8413574024303
8413402002138
703980772447
8436551860770
24088886
24003551
20659547
8414493010477
8428401812343
8410283016001
8422410216437
8414493990045
8410171037729
8423453020029
8480017074010
8414807547460
4027109907999
8002270000515
5449000108357
8420837200060
8413402992002
8424956500186
28410261152411
18410261113156
8809125060096
8480010191899
8414833161333
50112579
8426510999986
8437008741048
8480012022627
8480024834690
8437004760012
8426967040309
88412042504107
8412042504101
38422174010556
8422174010555
28422174010559
3057640183843
5605566000119
8480012028735
8410261643014
5900541000000
8480017226976
8410470180591
8437002786076
8480013231400
8480012034514
8480012034521
8480010196900
8480010178067
5000382033677
8412833203916
20195441
8414932009345
68414932009347
8412042503036
78412042503035
8412042503265
88412042503261
8412042503043
88412042503049
78414932000662
8414932000663
5449000969026
5449000967909
5449000916396
5449000988324
5000112423822
5449000984784
5449000648419
5449000991669
5449000976482
5449000989147
5000112424317
5449000969781
5449000924230
5449000966568
5449000966360
5449000651037
5449000989321
5449000988737
5449000969811
5449000916389
5449000917638
5449000647757
5449000973887
5449000971852
5449000991003
5449000991652
5449000960054
5449000910509
5449000927170
5449000963963
5449000974761
5449000966544
5000112424331
5449000951267
5449000972446
5449000974730
5449000990068
5449000973276
5449000933560
5449000983381
5449000990884
5449000973290
5449000989154
5449000924247
5449000974778
5449000920157
5449000974792
5449000967763
5000112431407
5449000938633
5449000651839
5449000994288
5449000938626
5449000989628
5449000650474
5449000651846
5449000951441
5000112427035
5000112427028
5449000990907
5449000990877
5449000969798
5449000969804
5449000920324
5449000974754
5449000971869
5449000917652
5449000974747
5449000992406
5449000925824
5449000985484
8480000106421
8480024761071
5601867277786
50107452
8480012007341
8410494301408
8480010170719
8480010169942
5000112647808
8420722980060
8420722980015
8480012029466
8420947602945
8437016178041
5045098456235
8425561010060
3502110009531
8433329120708
8431876291001
8480012031445
8420837200213
5038862431521
8414807542045
8801056175245
8410881002116
8435257048109
8414807700438
8423453690055
8414493301032
8429359002572
8411902008124
8436564110138
18410261118182
18410261118199
8809041425917
3068320120287
3174780000363
5015672006903
8480012034767
5601314225308
8413585029861
8480017107893
4100060014989
5703828020995
80582595
8433329122931
8435257057897
8414370020384
3560071199470
3560071081386
8423453020050
8480017227775
8001050236588
8437002460907
5449000297129
5942105001825
8480017096241
4004042630092
8410436364935
8480012007334
8424818085790
4056489408857
5449000124487
8480013530411
5038862433525
5449000132505
5000177481331
8480000453754
8412700020677
5601009941629
8435257047867
6415600501927
096619309597
8435533500932
7610534012108
8433329040174
8720181021138
24003254
8414641000015
88412042321315
8412042321319
8412042320312
88412042321308
8412042321302
8412042320305
88412042321322
8412042320329
8412042321326
28411547213437
8411547213433
8410261657257
8433329130004
3068320099613
5600821262141
4056489496618
3124480167057
8850389103159
3068320124407
8480017228949
8428922016411
8421691499690
8412833404016
8431876306941
5060292122960
8410171008088
6921168593736
7044610874906
5449000235947
80007838
8436584250197
8410470188269
200024013493
8410470188177
8435257045672
5601312024743
8414807540829
8480012007433
8480013232711
3583787609187
8414807541512
20556402
5942326400025
8480000136060
20075507
3856022300188
8420837200152
8420837200077
8414807549075
8421691696969
8410881002031
8414892309004
8420016000023
8414807541444
8410881000556
8433329104296
8431707094276
5703828003288
8410494301484
3560071267902
8410261766522
8429359003500
8480024760869
8480024834850
54491496
5942207001563
8480010196917
4056489256526
5000232019974
8436583951880
8414833000052
5410076752522
8480017149091
3268840001008
8410171037514
8424956500179
8001620012734
061150
41005958
5000112614282
8437007210736
8480013231578
5942326400018
2300092630030
4056489319351
20151973
8424818204887
5604172000360
8431876250282
8420722880032
8433329089876
8480017125408
7613287390073
8433329992473
8414807544490
4099200854908
3583787691052
8423453020012
24044172
8480024830531
8428922010211
8423453020081
8410494301583
8410881002109
8410443771153
4056489255574
80165491
8414807542038
8410283377454
8480017241269
8413080305224
8436584250104
3068320048604
8436582032344
8410261642390
3583787609156
8412301100112
8801056175252
8410171037958
8428658000623
8424818015063
8410494301415
5449000080806
8413432005000
8437016002391
8414493010224
3546635007382
7613287607409
8480013232612
8422823270071
8410261642413
8413080010852
20945589
5410013101703
8426765496834
8437005992054
8480024834607
8480017443144
8480024834614
8423086005455
8429359002619
8480017240811
5600787721010
8410500026615
8411700606126
5449000714855
5449000714862
8414807800985
7613287415691
8428155000188
5053990107384
8410494301385
8410470181086
24036016
8480000443359
074780336482
8480024895011
8411878200201
5000112558272
8410881001225
8480000105400
4056489320753
8480012031315
3600542024181
8480011210100
8809041429441
3048431001958
8421691668447
8437002460129
8414807541451
8410470181123
5608795000028
8426765140294
8437013916455
8410171037989
8809041428321
8426967072348
8436584250050
8410577015826
8414807546852
8413080003984
8413585810209
8431876242744
20036850
8480017152961
5038862237024
8435068852506
8410470181024
7610235000329
8480017209566
8410881001348
8437012494299
8431876287387
8410577015802
3057640379048
4051895021164
4056489408833
8410881002000
20075354
8480024760814
8431707994293
58431707994298
8431707994286
58431707994281
78431707994308
8431707994309
48431707994314
8431707994316
8431707094313
48431707994321
8431707094320
8431707994323
8431707994279
58431707994274
8413080010869
8712857007201
8437002460303
8480017188465
8002270001956
8413080249764
5601314223205
8436554526666
8410494301378
8423086006568
8480017080417
8437007210477
8423453020074
4044782388037
200024013615
4055400007483
24003407
2004060018256
18410261008681
8410261650678
8410261657363
18410261152575
8423453020043
8425986010089
884394002631
8410494301392
8480013231455
8410500026608
3068320113029
8436540049551
8414317001131
8480017053602
8413402745615
5038862230476
8437002786038
5000232020116
8412779550150
8001620018040
8480000100917
4056489256540
8480024834836
8480017147141
8480024834645
8410494301361
4056489408161
4056489256557
8426967074588
8716900577796
8437015031293
20580438
8480012007327
8480017210692
8410881000860
8422823281008
5410013305002
8413402001100
2200192493668
8429359002633
8480000286819
8410881000297
4056489032984
8480010170726
8410881001300
8424818201305
8413080311034
6920459989463
24003155
8410171012009
8413080305200
8437014494105
18410055800019
8410055800036
18410055125174
28410055800016
8410055800012
5449000713117
5449000303080
5449000134493
5449000713551
15601009969071
5449000713544
5449000035882
5449000711908
5449000711892
5449000714442
5449000714459
5449000713476
5449000713483
5449000712479
5449000712493
5449000691996
5449000691989
5449000711632
5449000711649
8411547213266
5449000712486
5449000712509
5449000714046
5449000714039
3583788115786
4056489256533
8414493740107
8480000100962
8433329104333
8480010110524
8428658000500
8480012014264
8410171037521
8480012007358
8480010178081
7702004013842
8480000106285
8410470189198
8480012015148
20036775
8410055400205
8413402995515
8480000433381
8480010160888
20151966
8412361001336
8410171015154
5942207011678
8480012013922
8480012007280
20195281
8414493740091
8411902008209
8426967075080
8433329104357
8480012007471
8412042002362
8413080011538
80412021
4056489121619
8414100388357
8001440127489
8423453909089
5760466998659
8437001864881
8480012013908
8420030010336
4550344242131
8414807541468
8480012007426
8414807540812
8420722980022
4056489043263
3560071199562
8426765481854
8480013231615
7750236000246
8480017438911
8480017173645
8480017100658
4056489356035
5449000000286
8437002460327
5449000299697
5449000301352
5449000301345
5000112642896
5000112626469
8480024834461
8850389103142
8436551860510
8414892355261
8809041429564
8410055125184
8424372101318
8424372101332
8424372500135
8424372500111
8424372500531
8424372500517
8411902002351
5603493003494
8410261658575
18410261119608
8410261658070
8410261658100
18410261119639
8410261658605
8410261658087
18410261119615
8410261658582
18410261119622
8410261658094
8410261658599
5010438005992
8426765119115
8480017115225
8809041428925
8410261151625
8480012007273
8436540049575
8000815565253
8414807532060
8437008459073
8480017073976
80134091
8410470181314
8427170376537
18410261040230
8410261653464
8480012007372
8410171037545
8436584250005
5449000130389
8437013916448
4056489318361
20042288
20195328
5900334003454
8480024761293
8414807544513
8410285100173
8429076000134
8423453020135
20944070
8410470180881
4056489256175
8480017147134
8480024830562
4056489256779
4056489043379
5942207000160
8426967075097
8426967075103
8426967075530
8426967075561
8426967075585
8436584250067
8436584250074
8422410857692
8414807510327
8480017505736
8414807544520
8480017354884
5038862437370
5038862435864
8413384523126
3179732390721
3179732390714
8425934001008
4810112003020
8410261152011
3560071267919
4051895022048
8480000702081
20817381
8422823200306
24001076
8712857004606
20851989
8413080006664
8480000173836
8437005045613
8436583951927
4056489170389
3560071248000
8414807541888
8412640005000
8410171006244
8413080249771
8414807510334
7613035696167
4102820010781
40897578
3068320084602
8435068852407
8431707989114
58431707989119
8431707089111
58431707988907
8431707988902
8431707088909
8431707988872
8431707088879
58431707988877
8431707988865
78431707988864
8431707088862
8437009805886
20195434
8424372500159
8411902000296
8410171037538
8437013111553
5038862437172
5038862433433
5038862434676
5038862432054
5038862433006
5038862230254
5038862434744
3560071228170
3560071228187
8431876162769
8431876174694
8431876186604
8431876134308
5038862430548
5038862436823
5038862434478
5038862237826
5038862230612
5038862239660
5038862232241
5038862230872
5449000296405
5449000708458
5449000194916
5449000708502
5449000708519
5449000296399
5449000241207
5449000708434
5449000949929
5449000041289
5449000710697
5449000710680
5449000296450
5449000708496
5449000085474
8410261652467
18410261040223
5449000709769
5449000709752
5449000708441
5449000708335
5449000296238
5449000296252
5449000696366
5449000696359
5449000251244
8480017059628
8480000669223
8480024832962
4779040221183
4779040221510
4712098459849
7640180190165
5600787049022
45449000010078
45942207011676
5942207011906
8410736040409
5600787049138
5600787049114
5600787049213
5600787049107
18410261118816
8410261779065
8410261720975
18410261720927
8410261779072
8410261642574
18410261018437
18410261100194
8410261657356
18410261114894
8410261776118
8410261776613
8410261776606
8410261776101
18410261114849
18410261118298
18410261118304
5449000986696
5449000987341
5449000288998
5449000984968
5449000986689
5449000986559
5449000289001
5449000986542
5449000975416
5449000972798
5449000134301
5449000946621
5449000986115
5449000954152
5449000954145
5449000953216
5449000943774
5449000943750
5449000915566
5449000000422
5449000705686
5449000705679
5449000705648
5449000705631
5449000705464
5449000705471
5449000703163
5449000703170
5449000704894
5449000704887
5449000703675
5449000703682
5449000704467
5449000704474
5449000702050
5449000702043
5449000700797
5449000700803
5000112429022
5000112429039
5449000702883
5449000702890
5449000141187
5449000053060
3160928711314
8410728100043
18410728100033
18410055501152
18410055620068
8410055620054
8410055125016
8410055501155
28410055501159
5449000288974
18410261118311
8412458500131
8412458800187
8412458150015
8412458050018
8410261642352
8410261642857
18410261101375
8410261642833
18410261101382
8410261642338
8410881000112
8410881000068
8411610006290
8410261657516
18410261118328
8410171013631
8426967072744
7702090024203
7702090024319
7702090024227
88437004336398
4779040220629
4779040220681
88437004336404
4779040220506
88437004336411
5000147030149
5000147030651
5000147030125
8428020123929
8410285999876
8410285193175
8410128175375
8437001603732
18410728700110
8410728700106
8410728700113
3560071011901
8431876186611
8437003159770
9002515601407
9002515601391
18410261116157
8410261273099
8410261271095
18410261116140
8428658000111
8428658000029
8411547212726
5029354008079
25029354004860
5029354004873
8425561010107
5060639126767
5060639126774
5060639126736
5060639126743
5060639126712
5060639126705
8431707983884
58431707983889
8431707083881
58431707983896
8431707983891
8431707083898
58431707976645
8431707976640
9002515125477
9002515525475
18411519253020
8431707976756
58431707976751
58431707946426
8431707946421
58431707920044
8431707920049
8431707913737
58431707913732
9002515025463
9002515525406
9002515025401
9002515025425
9002515525420
58431707913992
8431707913997
58431707913985
58431707913961
58431707913954
58431707913978
58431707913794
8431707913799
8431707913782
58431707913787
18411519252078
78431707946345
8431707913881
78431707913880
78431707913859
8431707913850
58431707970698
58431707970674
58431707913770
8431707913775
58431707913725
8431707913720
58431707913718
8431707913713
8431707919012
18431707100677
8431707100670
9002515601094
9002515601087
9002515601032
9002515601025
9002515600622
9002515600547
9002515600554
9002515125231
9002515525239
9002515125187
9002515525185
78431707913866
8431707913867
78431707913804
58431707946419
58431707946358
8431707920056
58431707920051
8431707100700
18431707100707
9002515128416
9002515528414
9002515128317
9002515528315
9002515125149
18411519230250
78431707913873
8431707913874
78431707913811
58431707939909
9002515600677
9002515528308
9002515600660
9002515128300
18411135004723
18411135004259
18411135001043
18411135000657
18411135267029
18411135267012
18411135482163
18411135482224
18411135482255
18411135482590
18411135482637
18411135482682
18411519253075
18411519701118
18411135350059
18411519701149
18411519701187
18411519702139
18411519702115
18411135350608
18411135350936
18411135350967
18411135351025
18411135351094
18411135351933
18411135351940
18411660008609
18411660117509
18411135354026
18411660117615
18411135354224
18411660118216
18411135354354
18411135354644
18411660119220
18411660119237
18411135360584
18411135360591
18411061577247
18411135364308
18411135364315
18411135364360
28411061677135
18411135370040
18411135370071
18411135371252
38411061638362
18411135373522
18411135421827
18411135433370
18411135481142
18411135481067
18411135482729
18411135482811
18411135482958
18411135482972
18411519253037
18411519253044
18411519701002
18411519701132
18411135350073
18411135350233
18411135350356
18411519703129
18411519703136
18411519704119
18411135351049
18411135351063
18411135351957
18411519750017
18411519750024
18411660116502
18411660116618
18411660118476
18411660118759
18411061604370
18411135360522
18411135360546
18411135360560
18411135360577
18411660180718
18411660180732
18411135371115
18411135371153
18411135371269
18411135371306
18411135421988
18411135422022
18411135482781
18411135482798
18411135280035
18411135350035
18411135350080
18411519702146
18411519703020
18411135350349
18411519703037
18411519704010
18411135350943
18411135350950
18411135350974
18411135351070
18411135351087
18411135351919
18411135351926
18411519731115
18411519731122
18411519731139
18411135351988
18411519750055
18411660008142
18411660008159
18411519750116
18411519750123
18411519750154
18411135353685
18411660060461
18411660116601
18411660117608
18411660118742
18411660180428
18411660180664
18411660180671
18411135360539
18411135364346
18411660210224
18411135370101
48411061578740
18411135371108
18411135422008
18411135433387
18411135484310
18411135480879
38411547211041
18411135483344
18411135269023
18411135269047
18411519716129
18411519716174
18411519716198
18411519716181
18411135420653
18411135351186
18411519720010
18411519720027
18411135351223
18411135351247
18411519720119
18411135351254
18411519720126
18411135351513
18411519730026
18411135351537
18411519730033
18411135351551
18411519730118
18411135351582
18411519730132
18411135351568
18411519730125
18411135351599
18411135351643
18411519731016
18411135351728
18411135351667
18411135351902
18411519750192
18411135353432
18411135353562
18411660119275
18411660119282
18411135354774
18411660119602
18411135354828
18411660119619
18411660119657
18411135354880
18411660119664
18411135355306
18411660128734
18411135355511
18411660129861
18411660128611
18411660129823
18411135355528
18411660170139
18411660170214
18411660170221
18411660170238
18411660170306
18411660170290
18411660170375
18411660170702
18411061600273
18411135360126
18411660180107
18411135360201
18411135360218
18411135360225
18411135360195
18411660180190
18411135374604
18411135375557
18411660603002
18411135441757
18411135442020
18411135442044
18411135443058
18411135375694
18411135420882
18411135420899
18411135420912
18411135420929
18411135420974
18411135421001
18411135433394
18411135433400
18411135433417
18411135433554
18411135433561
18411135484181
18411135433530
18411135433578
18411135433547
18411135440200
18411135440354
18411135440378
18411135441023
18411135440088
18411135440347
18411135440361
18411135440385
18411135484198
8410261643861
18410261043132
8410261653518
18410261039623
8410261768595
18410261105229
18410261102310
8410261641935
18410261045778
8410261605777
8410261651514
18410261039609
18410261043712
8410261657882
18410261721924
8410261721972
28410261626813
8410261641911
18410261641413
8410261766898
18410261110759
18410261657810
8410261657868
8410261768670
18410261106370
18410261761111
8410261761206
8410261657929
18410261046140
18410261039517
8410261643809
18410261029433
8410261641928
18410261641420
8410261152912
18410261152414
18410261105236
8410261768601
8410261768663
18410261106363
8410261073255
18410261046188
18410261043705
8410261657875
18410261033645
8410261762500
28410261650337
28410261657428
8410261608570
18410261114405
18410261657803
8410261657851
8410261650869
18410261650330
18410261626809
18410261106998
8410261777665
8410261777641
18410261106967
18410261650347
8410261650876
18410261101566
8410261637525
18410261100750
18410261106387
8410261768687
8410261071251
18410261046195
18410261039524
8410261643816
8410261641980
18410261038398
18410261033669
8410261650531
18410261114399
8410261608587
8410261650593
18410261650095
8410261650555
18410261650057
18410261650040
8410261650548
8410261152356
18410261112869
8410261152905
8410128762551
8410128764326
8410128764319
8410128764784
18431707100691
8431707100694
18431707100684
8431707100687
9002515128348
9002515528346
9002515528339
9002515128331
9002515526229
9002515126221
9002515125217
9002515525215
9002515125132
8410128160654
8410128764302
28411547211044
8411547000910
18410261039616
8410261652511
18411519731023
18411519731030
8410128756208
8410128762568
8410128762575
8431707113045
58431707113040
58431707113002
8431707113007
58431707112975
8431707112970
8431707112949
58431707112944
58431707112906
8431707112901
8431707112796
58431707112791
58431707112838
8431707112833
8431707112758
58431707112753
8431707112673
58431707112678
8431707112574
8431707112635
58431707112579
58431707112630
8431707112567
58431707112562
8431707103572
58431707103577
8431707919036
48431707939896
8431707939898
18410261025312
8410261761138
8410128165970
8410128160203
18410500025394
18410500025387
8410128160326
8410128165277
8410128160081
8410128160685
8410128160692
8410128160715
18410500024359
18410500024366
8410128002848
18411135004273
18411135004266
18411135001319
18411135001241
18411135000992
18411135488684
8410261271057
18410261114061
8410261151670
18410261151622
8410261152509
18410261152001
18410261152018
8410261152516
8410261273051
18410261114078
18410261153008
8410261153506
38411106000048
18411106000044
18437012527079
48421992000234
28432286003332
28432286003349
18428922001421
18428922001438
18428922012335
18428922231330
27312720212319
27312720222318
27312720232317
18411106798804
8411106798807
38411106798808
38411106798600
18411106798606
8411106798609
8426765140546
18410261112890
8410261152578
38411106014304
18411106014300
18411106182054
3068320114408
3068320055022
3068320055008
28410055770173
28410055883002
28410055883019
28410055883316
28410055883361
28410728700346
8410728700342
48410055200063
5000112628470
5449000081391
5000112628463
5449000136510
5000112628487
5449000188144
5449000698650
5449000698667
5449000068491
5449000989604
5449000122643
5449000028471
5449000193506
5449000199683
5449000160102
5449000160669
5449000665232
5449000149824
5449000039521
5449000028365
5449000666611
5449000666604
5449000138507
5449000017680
5449000965059
5449000059741
5449000671035
5449000136053
5449000668301
5449000668318
5449000239068
5449000151261
5449000062093
5449000241047
5449000951250
5449000172365
5449000175670
5449000181404
3068320101644
3068320114231
18410055033356
5449000183149
5449000685988
5449000268457
18410728700608
8410728700601
8410728700397
18410728700394
28410055133602
28410055150029
8410055150025
28410055150074
28410055151033
28410055150203
28410055501135
28410055770036
28410055151118
28410055777004
5449000183248
28410055300035
28410055501142
28410055620447
28410055770012
28410055885310
28410055885709
28410055885143
28410055885754
28410055886522
28410055885716
28410055885815
28410728091130
28410728104106
38410055150200
28410055886508
28410728120021
28410728104113
5449000185693
5449000187222
5449000984777
5449000194213
5449000694317
5449000188274
5449000990051
5449000188724
5449000039132
5449000697530
5449000697547
5449000694331
5449000113863
5449000162755
5449000070487
5449000130488
5449000222671
5449000222381
5449000134806
5449000026149
5449000225443
5449000120724
5449000153968
5449000219596
5449000039552
5449000151179
5449000160089
5449000055255
5449000019837
5449000016577
5449000024305
5449000136411
5449000136428
5449000234933
5449000139696
5449000244260
5449000022677
5449000026798
5449000022684
5449000091598
5449000043665
5449000093516
5449000084842
5449000973283
5449000973870
5449000172174
8410055033601
8410055133608
18410055133605
18410055070139
5449000957849
8410055070033
8410055070132
18410055050049
8410055071030
18410055071051
8410055050042
5449000150554
28410055033360
8410055033366
28410055050039
8410055050035
18410055050254
8410055050257
18410055151135
28410055051005
18410055050247
5449000183170
18410055151036
8410055071016
18410055071044
18410055125167
5449000183194
18410055151159
18410055050353
8410055050356
18410055150077
8410055141108
18410055141105
8410055133387
18410055133384
5449000963888
5449000160119
5449000956477
8410055200041
18410055200062
18410055200413
18410055300021
8410055883350
18410055883357
18410055150121
18410055300038
18410055501138
18410055620440
18410055885719
18410055770015
18410055885757
18410055501145
18410055620051
18410055770176
5449000272713
5449000688231
18410055886501
18410055885313
18410055620020
5449000183064
18410055885818
8410055886412
18410055886433
8410055886436
28410055002106
18410728120024
8410055033731
5449000272690
5449000688217
28410055033797
18410055770039
18410055883319
5449000183262
18410055883333
18410055770190
8410055886467
8410055886443
18410055886464
18410055886013
18410728100026
5449000685964
5449000268433
5449000105103
18410728000616
8410728000619
18410728700363
18410728100132
8410055883374
18410055883364
8410055883367
18410728180134
18410728104116
18410055885115
18410055885139
18410055886525
5449000268440
5449000685971
18410728091133
18410728100064
18410728007011
28410055002113
8410728121123
18410728121120
5449000989314
5449000193483
5449000089113
5449000118134
5449000183286
5449000673275
5449000205636
5449000024763
5449000000330
5449000021434
5449000205742
5449000205759
5449000183224
5449000208453
5449000218889
5449000218926
5449000039538
5449000910424
5449000039545
5449000114143
5449000153951
5449000197474
5449000023742
5449000161826
5449000163288
5449000205643
5449000134332
5449000665249
5449000666444
5449000666437
5449000151292
5449000248688
5449000248701
5449000244963
5449000249678
5449000244376
5449000244383
5000112565904
5000112565423
5449000243737
5000112565454
5449000250513
5449000675712
5449000675729
5000112565911
5000112565928
5449000142634
5449000116444
5449000059819
5000112637656
5000112564846
5000112572667
5449000162724
5449000146458
5449000145864
5000112571462
5449000127365
5449000022325
5000112574944
5449000956514
5000112572575
5000112573169
5449000062048
5449000678362
5000112574968
5000112565898
5449000032881
5449000143211
5449000156372
5449000136367
5000112573176
5449000118349
5449000032959
5000112573190
5000112574951
5449000142580
5449000140180
5449000085276
5449000165213
5449000165435
5449000165442
5449000114136
8410055006032
3068320116310
8410055006025
5449000183101
8410055007114
8410055007015
18410055007111
18410055033714
8410055007008
18410055007104
8410055007107
8410055026023
18410055026020
28410055770197
5449000151162
5449000183125
5449000149831
28410055883330
28410055885105
28410055886010
28410055885112
28410055885136
38410055151030
5449000008251
5449000127488
5449000151216
5449000699398
5449000699404
5449000184214
5449000985477
5449000149848
5000112628098
5449000149855
5449000911230
5449000187208
5449000193322
5449000156396
5449000165220
5449000030603
5449000205766
5449000698636
5449000656094
5449000137500
5449000188281
5449000085283
5449000055910
5449000158932
5449000091147
5449000091161
5449000100542
5449000088529
5449000193346
5449000090928
5449000090416
5449000008879
5449000992390
5449000151209
5449000151247
5449000198181
5449000164285
5449000222688
5449000159007
5449000018472
5449000053657
5449000664501
5449000230652
5449000085030
5449000017673
5449000136091
5449000151278
5449000142627
5449000006516
5449000016584
4000177024485
5449000244284
5449000136077
5449000151254
5449000135384
5449000248695
5449000241030
5449000241054
5449000026828
5449000243744
5449000951434
4000177024478
5449000244253
5449000244277
5000112532388
5449000020956
5449000033840
5449000172389
5449000177568
5449000175656
5449000183415
5017600017500
5000232878014
5000232878021
43160928641534
23160928641530
43160928641527
23160928641523
48437006671055
48437006671451
48437006671284
48437006671468
48437006671420
23160928682229
43160928682223
23160928641516
43160928641510
43160928640407
43160928641480
23160928641486
43160928641503
23160928641509
48437006671437
48437006671390
48437006671314
5000232885227
5000232885210
48437006671734
48437006671727
48437006671772
48437006671758
48437006671482
48437006671789
48437006671475
48437006671741
48437006671710
48437006671765
5000232869005
48437004336550
5000232869081
48437006671499
5000232869289
58437004336151
58437004336144
5000232869227
5000232869258
58437004336175
5000232869265
5000232869098
58437004336168
5000232869104
5035139378367
18421689000065
8480013232087
8480013231530
8480013231677
8437001603459
8437016441015
8437016441039
8437016441022
7702090004328
8426967042341
8426967041016
7702090020854
7702090003963
8426967041122
7702090003918
5029354004866
5029354002589
3160928710782
3160928641512
3160928711147
3160928641536
3160928710980
3160928682225
3160928641499
3160928641529
3160928641505
3160928641482
5000232869074
5000232869210
5000232868992
5000232869272
5449000010070
5600787049046
5600787049084
8410023028721
4000177158326
4000177158319
4000177158210
4000177158227
4000177158364
90357978
5000112564457
5000112558661
90370052
5449000149596
5449000193490
5449000193476
5449000136084
5449000136039
5449000136060
5449000067357
8433296101014
8428922010334
8428922001417
8428697100803
8428697106034
8428697106058
8428697111755
8428697131104
8428697201050
8428697101152
8428697131050
8428697111038
8428697100506
8428697106157
8428697106751
8428697200800
8428697101053
8428697101039
8428697201159
8425561010015
8425561010022
8425561010213
8425561180053
8425561010039
8425561010206
8424372051019
8424372021210
8424372021579
8424372011013
8424372021500
8424372011235
8424372021333
8424372021555
8424372012577
5035139218076
8421689000150
8421689000068
8420837101220
8420837100704
8420209008911
8420209008928
8414771852645
8414771851525
90167164
8410283346405
8410283314244
8410283385947
8410283346504
8411800376950
8411800376653
8414100301141
8414100244059
8410283311946
8414100364443
8410283312042
8410283332941
8411800312743
8411800376554
8410283008006
8410283386241
8410283001106
8411800376455
8414100305453
8411800244655
8411800312842
8411800377056
8414100389545
8414100302643
8414100224556
4250155505134
8414100302742
8414100356806
8414100225157
8413574028301
69276981024
5010338016098
5449000243751
54008373
54008656
54008236
54008380
42357308
5449000034335
42357469
5449000244239
42357452
54008229
42357445
54008212
5449000244246
5449000243720
50112203
87303483
90491979
4000177158234
5449000074935
5449000136404
5449000062550
54493186
4000177158371
5449000156365
5449000003751
5449000156389
4000177158333
5000112529760
5449000062536
5449000003768
5000112529777
5449000169242
5449000136398
5449000164957
5449000218919
5449000097347
5449000188717
5449000018465
42359111
50112784
5449000168399
42359104
5449000171771
5449000188137
5449000218902
5000112577440
5449000169129
42117469
5449000136916
5000112572612
5449000033833
5000112585834
5449000133847
5000112577457
54492806
5000112572599
54490802
5449000171795
5449000168405
42359128
54492752
5449000161543
54492653
5449000099464
5449000187215
5449000111982
5000112573039
5449000169105
54007796
5449000114662
5000112574319
5449000140005
5000112574272
54007789
5449000021854
5449000026613
5000112572643
5449000105967
5449000112668
5449000957825
5449000017376
5449000030528
5449000169112
5449000272195
5449000272201
5449000128089
5000112574302
5449000088550
90494741
5000112574296
5449000164278
5000112574265
5449000161819
5449000198174
5449000205537
5449000013231
5449000104885
5449000172167
5449000160096
5449000205544
5449000205568
5449000205667
5449000664211
5449000205551
5449000059413
5449000142597
5000112564921
5000112565393
90495328
5449000006011
5449000121011
5449000010940
5449000015549
5449000125460
5449000230645
54492493
5449000022646
5449000000088
5449000192080
5000112538175
5449000142573
5449000160072
5000112575415
5449000199676
5449000138040
5449000041791
5000112565553
5449000032898
5449000181398
5449000138026
5000112575385
40822938
5449000059390
5449000052926
5449000028938
5449000013361
5449000192066
5000112566932
87303117
5449000050465
54491397
5000112637649
5000112532371
5449000120984
5000112538168
5000112564907
5000112565560
5449000010995
5449000004840
5449000006271
5449000052001
5000112565386
5449000288981
5449000183255
5449000096029
5449000134561
5449000183231
5449000098412
5449000016737
5449000183217
5449000138514
5449000059376
5449000015846
5449000253712
5449000057297
5449000195906
5449000221568
5449000224187
5449000223555
5449000665348
5449000201935
5449000224194
5449000137517
5449000216809
5449000208446
5449000169358
5449000133328
5449000028945
5449000016560
5449000020697
5449000221582
5449000133724
5449000177551
5000112563405
5449000096203
5449000183279
5449000183132
5449000183200
5449000183163
5449000000484
5449000183156
5449000183187
5449000021366
5449000134578
5449000002853
5000112582024
5000112560251
5449000060181
5449000137494
5449000131836
5449000183118
5449000002600
5449000136336
5449000021359
5449000059352
5449000020765
5449000133335
5449000131843
54492387
5000112582017
5449000021199
5449000023889
5449000008862
5000112604597
5449000225436
5449000018861
5449000009067
5449000183095
5449000183088
5449000105394
5449000059840
5449000088260
5000112533316
5449000028921
5449000183057
5000112566093
5449000054227
5449000122681
5000112605792
5449000183071
5449000051684
5449000034298
5449000120748
5449000250506
90377785
54491472
5449000196521
5000112571004
5449000051981
5449000084569
8414553000127
90377488
5449000208293
5449000021298
5449000120731
5449000122018
5449000162199
5449000121059
5449000162731
5449000162182
90399978
5449000239051
8414553000110
4002221021266
812475012262
8437018203260
8437019525057
811955011016
8428020123776
8428020267746
8428020123455
8428020123486
8412458150619
8412458157755
8412458306962
8412458306955
8412458800163
8412458500124
8412458101857
8412458050612
8411902004027
8411902000357
8411902004041
8411902000265
8411902004058
8411902008179
8411902003013
8411902000067
8411902007035
8411902008117
8411902000364
8411902007028
8411902000326
8411902004034
8411902000302
8431876242416
8411610006467
8411610006399
8414700000451
8411610004258
8411610004005
8411610001226
8410544000459
8414700000482
8411610004241
8411610006474
8411610004340
8411610004098
8411610004197
8411610006306
18431876242413
84116369
84116345
84116352
8411630050099
8411547001115
8411547001108
8411547000903
8411547000927
8411547001139
8411547000965
8411547000941
8411547001122
18411547210477
8411547210494
8411547000606
8411547001016
8411547210470
8411547210456
8411547001030
8411547211491
8425934010154
8411547211033
8411547212153
8411547210944
8411547212481
8411547001023
8411547001078
8411547001092
8411547211040
8411547001009
8411547211507
8411547210128
8411547210449
18411547210460
8411547212528
8411547001085
8411547001047
8411547001061
8425934206151
8411547210487
8411547212504
8425934001107
8425934001114
8411547210104
8411547210111
18411547000603
8411547211484
8411395573338
8411395592940
8411395573130
8411106798500
8412042502367
8412042504002
8412042502398
8412042502312
8412042002300
8414932001349
8414932001257
8410702038966
7350042718481
87170726
4060800107008
8410261637006
8410261637174
8410261637129
8410261151243
8410261152059
8410261407005
8410261152004
8410261153001
8410415010204
8410261271040
8410261271019
8410261273013
8410415010303
8410261273044
8410261073200
8410261071206
8410261657011
8410261152424
8410261657820
8410261657813
8410261657837
8410261657806
8410261652016
8410261653457
8410261766836
8410261652450
8410261653013
8410261651019
8410261762005
8410261608525
8410261761121
8410261761114
8410261608532
8410261605715
8410261641430
8410261768106
8410261768175
8410261777160
8410261152301
8410261777146
8410261768182
8410261768168
8410261650173
8410261642079
8410261768090
8410261650098
8410261626802
8410261152400
8410261643106
8410261721927
8410261641485
8410261650333
8410261650340
8410261657424
8410261626819
8410261643168
8410261720920
8410261657660
8410261152417
8410261650050
8410261650036
8410261650043
8410261643113
8410261657653
8410261641416
8410261641423
8410199018199
8001160005692
8422174009559
8422174009320
8422174009085
8422174750963
8001160003483
8410199018205
8422174010012
8422174010333
8422174750994
8422174025085
8410199018212
8422174010081
8422174010326
8422174750987
8001160003469
8422174750970
5410188016277
8422174025016
5022313109404
5022313109329
5022313131733
8410837001705
8431707113717
8431707113731
9002515425188
9002515428349
8431707113786
4002160092907
4002160092273
8431707000703
9002515425218
8431707046428
9002515425423
8431707113724
4002160092921
8431707076753
8431707020046
8431707076647
9002515428301
9002515425478
4002160092877
4002160092891
8431707000086
8431707020053
8431707000697
4002160092778
4002160092976
9002515600530
9002515428332
8431707000673
8431707000123
4002160092853
8431707003575
4002160092150
9002515601018
8431707000635
8431707113991
8431707000680
9002515426222
8431707000116
8431707113793
9002515428417
9002515601070
9002515425232
4002160093065
9002515425409
8431707113779
8431707113588
8431707039895
9002515600653
4002160092884
9002515428318
8423415201008
8413384523119
8410171014102
8410171011842
8410171014096
8410171011835
8410171011828
8410128160319
8410128160074
8410128160647
8410128160340
8410128160623
7613035870604
7613033925719
3700123300236
8002270015373
8002270596667
3700123300137
8411002111502
3700123302537
8410055151169
8410055050028
8410055770193
8410055883312
8410055151176
8410055151138
8410055770032
8410055033717
8410055050073
8410055151152
8410055886504
8410055885880
8410055886535
8410055770179
8410055886528
8410055885811
8410728100067
8410055886511
8410055883336
8410055151114
8410055885316
8410055770162
8410055620023
8410055886429
8410055150124
8410055770186
8410728007014
8410055125160
8410055886016
8410055885118
8410055885743
8410728700373
8410055883329
8410055033359
8410728180137
8410055050240
8410055770025
8410055006001
8410055006018
8410055885750
8410055883305
8410055501148
8410055770018
3068320014074
8410728700380
8410055883343
8410728104119
8410055885712
8410055770001
8410728700328
8410055620047
3068320113784
8410055071023
8410055620016
8410055033724
8410728700359
8410055620030
8410055886450
8410728700366
8410055883015
3068320113777
8410055071009
8410055883008
8410728000602
8410728700335
8410055885132
8410055033700
8410728007007
8410728120027
8410055200065
8410055051001
8410055033021
8410055026016
8410055150070
8410055133394
8410728180120
8410055033014
8410728091136
3068320106908
8410055886009
8410728121116
8410055300024
8410055125023
3068320106915
8410055885309
8410055151022
8410055026009
8410728000220
8410055150209
8410728100135
8410055885804
8410055141009
8410055050066
8410055885705
8410055300000
8410728100029
8410055300031
8410055151039
8410055050011
8410055150018
8410055885101
8410728104102
8410728100036
8410728100012
8410055831115
8410055501131
8410055200010
3068320014067
8410055831146